500'10.0'0.0'0.0|0.39643601629971853'-0.9180623535361906'-1.1251738613778242E-16'75.99999999999999|-0.9180623535361907'-0.39643601629971853'-4.877767401958131E-17'-176.00000000000006|2.1175823681357508E-19'1.2246467991473532E-16'-1.0'238.14000000000004|0.0'0.0'0.0'1.0
700'10.0'0.0'0.0|0.3964360162997186'-0.9180623535361906'8.256277194435549E-17'76.0|-0.9180623535361905'-0.39643601629971853'-3.0183046107769807E-16'-160.00000000000003|2.7755575615628914E-16'1.2246467991473532E-16'-1.0'320.0|0.0'0.0'0.0'1.0
700'10.0'0.0'0.0|-0.09663301739273637'-0.9953200791451838'5.70154189138109E-17'-21.000000000000043|-0.995320079145184'0.09663301739273635'-4.959408545915957E-17'-160.0|1.1102230246251565E-16'-7.47819916029242E-17'-1.0'320.0|0.0'0.0'0.0'1.0
500'10.0'0.0'0.0|-0.09663301739273637'-0.9953200791451838'5.70154189138109E-17'-21.000000000000043|-0.995320079145184'0.09663301739273635'-4.959408545915957E-17'-208.0|1.1102230246251565E-16'-7.47819916029242E-17'-1.0'320.0|0.0'0.0'0.0'1.0
700'10.0'0.0'0.0|-0.0966330173927364'-0.9953200791451838'1.1599601709702233E-16'-21.000000000000036|-0.9953200791451838'0.09663301739273643'2.2796167069712955E-16'-208.99999999999997|-2.220446049250313E-16'-1.0951041778947292E-16'-1.0'285.0|0.0'0.0'0.0'1.0
700'10.0'0.0'0.0|-0.09663301739273644'-0.9953200791451838'1.0905712319311511E-16'-21.00000000000004|-0.9953200791451837'0.09663301739273644'-2.1838509843530655E-17'-208.99999999999997|2.7755575615628914E-17'-1.1659160320594834E-16'-0.9999999999999999'270.0|0.0'0.0'0.0'1.0
700'10.0'0.0'0.0|-0.09663301739273648'-0.9953200791451838'-1.2079373737381184E-16'-21.00000000000004|-0.9953200791451837'0.0966330173927365'1.979485357991272E-17'-208.99999999999994|-6.938893903907228E-18'1.224646799147353E-16'-0.9999999999999999'230.0|0.0'0.0'0.0'1.0
500'0.0'0.0'0.0|-0.09663301739273648'-0.9953200791451838'-1.2079373737381184E-16'-21.00000000000004|-0.9953200791451837'0.0966330173927365'1.979485357991272E-17'-208.99999999999994|-6.938893903907228E-18'1.224646799147353E-16'-0.9999999999999999'230.0|0.0'0.0'0.0'1.0
500'0.0'0.0'0.0|-0.09663301739273644'-0.9953200791451838'1.0905712319311511E-16'-21.00000000000004|-0.9953200791451837'0.09663301739273644'-2.1838509843530655E-17'-205.99999999999997|2.7755575615628914E-17'-1.1659160320594834E-16'-0.9999999999999999'270.0|0.0'0.0'0.0'1.0
1000'0.0'0.0'0.0|0.9999999999999999'-3.3818372956694033E-19'-2.070778109689338E-35'191.99999999999997|-3.3818372956693417E-19'-1.0'-1.224646799147353E-16'-4.108940902691119E-16|0.0'1.224646799147353E-16'-0.9999999999999999'270.0|0.0'0.0'0.0'1.0
