1234.0'0.0'0.0'0.0|-0.0295437484195089'0.9995634881933837'3.67384304827936E-16'-3.000000000000015|0.9995634881933838'0.0295437484195089'-1.924799964625641E-16'203.0|-1.942890293094024E-16'3.6172183872753487E-16'-1.0'270.0|0.0'0.0'0.0'1.0
800'0.0'0.0'0.0|-0.029543748419508947'0.9995634881933837'3.730763662334849E-16'-3.000000000000012|0.9995634881933838'0.02954374841950895'-1.786022086547496E-16'203.00000000000006|-1.9255430583342559E-16'3.6736503422062554E-16'-1.0'240.0|0.0'0.0'0.0'1.0
800'0.0'0.0'0.0|-0.029541585893851967'0.999563551932584'-1.8729458792439627E-5'-3.000000114956696|0.9995635521080568'0.029541585888665584'-5.5355978477264E-7'203.0000038893678|-2.026910583818875E-11'-1.8737637393562054E-5'-0.9999999998244504'220.00005977421353|0.0'0.0'0.0'1.0
500'10.0'0.0'0.0|-0.014776677297345046'0.9998908189437735'-1.6909338743586522E-10'-2.9999930321384305|0.9998908189437734'0.014776677297345048'1.1442020748447779E-8'202.99999988965507|1.1443270123145943E-8'1.224646799147353E-16'-0.9999999999999999'220.0000002794361|0.0'0.0'0.0'1.0
500'10.0'0.0'0.0|-0.014776677297345045'0.9998908189437735'3.689314228147911E-10'-2.9999930397385857|0.9998908189437732'0.014776677297345048'-2.496440928888013E-8'203.00000040393329|-2.496713523425509E-8'1.224646799147353E-16'-0.9999999999999997'249.99999898119734|0.0'0.0'0.0'1.0
800'10.0'0.0'0.0|-0.01477667729734504'0.9998908189437735'4.919085265755097E-10'-3.0000991307839953|0.999890818943773'0.014776677297345048'-3.328587921867523E-8'203.00717924800895|-3.328951386771806E-8'1.224646799147353E-16'-0.9999999999999996'299.96415434520964|0.0'0.0'0.0'1.0
1234.0'10.0'0.0'0.0|0.9996714309320446'0.025632599912534967'4.9917863455443935E-8'195.0000011645215|0.025632599912534932'-0.9996714309320458'1.2799450539612656E-9'4.999999858087177|4.993427038524345E-8'1.2246467991473525E-16'-0.9999999999999988'299.9999984171325|0.0'0.0'0.0'1.0
800'10.0'0.0'0.0|0.9993693013924237'0.03551055384556828'-1.0884790815736941E-16'197.00000003048345|0.03551055384556828'-0.9993693013924237'-1.2537848941695976E-16'6.999993995125203|-1.6653345369377348E-16'1.2246467991473532E-16'-1.0'260.00000000009425|0.0'0.0'0.0'1.0
800'10.0'0.0'0.0|0.9993693003351934'0.03551058359906131'-4.1585648999825395E-9'196.9999997750566|0.03551058359906132'-0.9993693003351934'-1.4776638478493069E-10'6.999999858591665|-4.161189363569018E-9'1.224646799147353E-16'-0.9999999999999999'240.00000038188514|0.0'0.0'0.0'1.0
800'10.0'0.0'0.0|0.9993692947386791'0.03551073894601956'-1.2370233140016663E-5'197.00000040801012|0.03551073894329916'-0.9993692948152387'-4.395533484349078E-7'7.000030542411178|-1.237804003405285E-5'1.2246467991004446E-16'-0.9999999999233922'227.0020846649342|0.0'0.0'0.0'1.0
500'0.0'0.0'0.0|0.999369294959163'0.03551073449403505'-5.340366003925891E-6'196.99999529366562|0.03551073449352804'-0.9993692949734319'-1.8976000197659273E-7'7.000029481979921|-5.343736325297277E-6'1.2246467991386107E-16'-0.9999999999857223'226.99999478272971|0.0'0.0'0.0'1.0
500'0.0'0.0'0.0|0.9993693003111749'0.035510584275016376'-2.753813599878766E-16'197.0|0.03551058427501637'-0.9993693003111748'-1.305826597786828E-16'7.000000000000002|-2.220446049250313E-16'1.2246467991473532E-16'-1.0'270.0|0.0'0.0'0.0'1.0
