1000'0.0'0.0'0.0|0.9943662970618653'-0.10599843049533328'-1.7302398562481114E-16'196.99998501836967|-0.10599843049533327'-0.9943662970618654'-1.0599018551923796E-16'-20.9999969641491|-1.6653345369377348E-16'1.224646799147353E-16'-0.9999999999999999'270.00000034397095|0.0'0.0'0.0'1.0
700'0.0'0.0'0.0|0.9943662962963856'-0.10599843767626445'-1.1694702798673295E-17'197.0|-0.10599843767626445'-0.9943662962963855'-1.2203637762515132E-16'-21.000000000000004|0.0'1.2246467991473535E-16'-1.0000000000000002'240.0|0.0'0.0'0.0'1.0
700'0.0'0.0'0.0|0.9943662962963854'-0.10599843767626445'-8.975725921762961E-17'197.00000052356404|-0.10599843767626442'-0.9943662962963855'-1.1119435590029628E-16'-21.0000000558114|-6.938893903907228E-17'1.224646799147353E-16'-0.9999999999999999'220.00000805508543|0.0'0.0'0.0'1.0
500'10.0'0.0'0.0|0.9943662962963855'-0.10599843767626445'2.1555407255428842E-16'197.0|-0.10599843767626445'-0.9943662962963855'-1.4588882541983242E-16'-21.000000000000004|2.0816681711721685E-16'1.2246467991473532E-16'-1.0'220.00000000000003|0.0'0.0'0.0'1.0
700'10.0'0.0'0.0|0.9943662962963856'-0.10599843767626445'-1.8633596702580524E-17'197.0|-0.10599843767626445'-0.9943662962963855'-1.2116901588716292E-16'-21.000000000000004|-6.938893903907228E-18'1.2246467991473535E-16'-1.0000000000000002'240.0|0.0'0.0'0.0'1.0
700'10.0'0.0'0.0|0.9943662962963856'-0.10599843767626445'-2.2853513729577417E-16'197.0|-0.10599843767626443'-0.9943662962963855'-1.0252073852041223E-16'-20.999999999999996|-2.220446049250313E-16'1.2246467991473532E-16'-1.0'280.00000000000006|0.0'0.0'0.0'1.0
700'10.0'0.0'0.0|0.9943662962963854'-0.10599843767626445'-6.490532370742873E-18'197.00000000000006|-0.10599843767626445'-0.9943662962963855'-1.2333742023213393E-16'-21.000000000000007|5.551115123125783E-17'1.2246467991473532E-16'-1.0'299.99999999999994|0.0'0.0'0.0'1.0
1000'10.0'0.0'0.0|0.39643601629971853'-0.9180623535361906'-1.117262573650469E-16'76.00000000000001|-0.9180623535361906'-0.39643601629971853'-2.427470492140891E-17'-176.00000000000009|5.551115123125783E-17'1.2246467991473532E-16'-1.0'300.0|0.0'0.0'0.0'1.0
