1234.0'0.0'0.0'0.0|-0.11258020072671882'0.9936426411966889'4.14726653101161E-16'-23.000000000000085|0.993642641196689'0.1125802007267188'-4.649512363423244E-16'203.00000000000003|-4.718447854656915E-16'3.616651620838982E-16'-1.0000000000000002'270.0|0.0'0.0'0.0'1.0
800'0.0'0.0'0.0|-0.11258020072671886'0.9936426411966889'3.897900031339944E-16'-23.00000000000008|0.9936426411966888'0.11258020072671884'-1.8045658628212804E-16'203.0|-2.255140518769849E-16'3.6736202859457423E-16'-1.0'239.99999999999997|0.0'0.0'0.0'1.0
800'0.0'0.0'0.0|-0.11257806665264423'0.9936428828115444'-1.8620317184109152E-5'-23.000000437674117|0.9936428829860116'0.112578066632877'-2.109670857335145E-6'203.00000386294914|-2.012376376647751E-11'-1.8739448315319955E-5'-0.9999999998244166'220.00005977725175|0.0'0.0'0.0'1.0
500'10.0'0.0'0.0|-0.11258019927180908'0.9936426413615308'-1.269439899539697E-8'-23.000000000298463|0.993642641361531'0.11258019927180905'-1.4382817645662215E-9'203.0000000026336|-1.1102230246251565E-16'-1.2775618195077957E-8'-1.0'220.00000004075312|0.0'0.0'0.0'1.0
500'10.0'0.0'0.0|-0.1125802007267188'0.9936426411966889'3.9177838724018255E-15'-23.00000000000008|0.9936426411966888'0.11258020072671879'2.3240760100035205E-16'203.0|-2.1163626406917047E-16'3.919611383929525E-15'-1.0'240.99999999999997|0.0'0.0'0.0'1.0
800'10.0'0.0'0.0|-0.1125802007267188'0.9936426411966889'3.9177838724018255E-15'-23.00000000000008|0.9936426411966888'0.11258020072671879'2.3240760100035205E-16'203.0|-2.1163626406917047E-16'3.919611383929525E-15'-1.0'285.99999999999994|0.0'0.0'0.0'1.0
700'10.0'0.0'0.0|-0.1380591019461571'0.9904239922224323'3.312628408460791E-16'-23.0|0.9904239922224323'0.1380591019461571'-1.0256862059793969E-16'165.0|-1.1102230246251565E-16'3.2936965371980174E-16'-1.0'320.00000000000006|0.0'0.0'0.0'1.0
1234.0'10.0'0.0'0.0|0.9995120760870788'-0.031234752377721213'-1.9125769760768233E-18'160.00000000000003|-0.031234752377721213'-0.9995120760870788'-1.2191778489364658E-16'-4.999999999999998|5.551115123125783E-17'1.224646799147353E-16'-0.9999999999999998'320.0|0.0'0.0'0.0'1.0
700'10.0'0.0'0.0|0.9950371902099893'-0.09950371902099893'-6.160399678137402E-17'200.00000000000003|-0.09950371902099894'-0.9950371902099892'-1.3031739454023425E-16'-20.0|0.0'1.2246467991473532E-16'-1.0'320.0|0.0'0.0'0.0'1.0
800'10.0'0.0'0.0|0.9948860540802814'-0.10100366031271893'-6.169584169646471E-17'197.00001773831434|-0.10100366031271893'-0.9948860540802815'-1.164303523135457E-16'-20.000001800844096|0.0'1.2246467991473532E-16'-1.0'285.0001173932811|0.0'0.0'0.0'1.0
800'10.0'0.0'0.0|0.9948860540802815'-0.10100366031271893'-2.282292953902382E-16'197.0|-0.1010036603127189'-0.9948860540802815'-9.908311755377763E-17'-19.999999999999996|-2.220446049250313E-16'1.2246467991473532E-16'-1.0'265.0|0.0'0.0'0.0'1.0
500'10.0'0.0'0.0|0.9948860540802814'-0.10100366031271893'1.7422655103638105E-16'196.99999999999997|-0.10100366031271892'-0.9948860540802815'-1.40716480977221E-16'-20.0|1.942890293094024E-16'1.2246467991473532E-16'-1.0'225.00000000000006|0.0'0.0'0.0'1.0
500'0.0'0.0'0.0|0.9948860540802814'-0.10100366031271893'2.0198212665200997E-16'196.99999999999997|-0.10100366031271892'-0.9948860540802815'-1.4245120445319782E-16'-20.0|2.220446049250313E-16'1.2246467991473532E-16'-1.0'225.00000000000006|0.0'0.0'0.0'1.0
500'0.0'0.0'0.0|0.9948860540802816'-0.10100366031271893'-2.83740446621496E-16'196.99999999999997|-0.10100366031271892'-0.9948860540802815'-9.21442236498704E-17'-19.999999999999996|-3.3306690738754696E-16'1.2246467991473532E-16'-1.0'270.00000000000006|0.0'0.0'0.0'1.0
