1000.0'0.0'0.0'0.0|0.0'-0.9178000092506409'0.3971000015735626'107.0|0.0'-0.3971000015735626'-0.9178000092506409'-248.0|1.0'0.0'0.0'238.0|0.0'0.0'0.0'1.0
1000.0'0.0'0.0'0.0|0.0'-0.9178000092506409'0.3971000015735626'107.0|0.0'-0.3971000015735626'-0.9178000092506409'-248.0|1.0'0.0'0.0'150.0|0.0'0.0'0.0'1.0
1000.0'0.0'0.0'0.0|0.0'0.0'1.0'270.4100036621094|0.0'-1.0'0.0'0.0|1.0'0.0'0.0'238.13999938964844|0.0'0.0'0.0'1.0
1000.0'0.0'0.0'0.0|4.171775521205069E-17'-0.9602937005369069'-0.27899105489089343'-75.4419700462094|-7.58843054483383E-17'0.27899105489089343'-0.9602937005369069'-259.67301575242607|1.0'6.123233995736766E-17'-6.123233995736766E-17'238.13999938964844|0.0'0.0'0.0'1.0
1000.0'0.0'0.0'0.0|-7.453647241828204E-17'0.9685831876206749'-0.24868978398513383'-67.24820350079676|4.408075762447794E-17'0.24868978398513383'0.9685831876206749'261.914575921861|1.0'6.123233995736766E-17'-6.123233995736766E-17'238.13999938964844|0.0'0.0'0.0'1.0
1000.0'0.0'0.0'0.0|1.3546537240554754E-17'-0.8090169943749475'-0.587785252292473'-158.94300774049591|-8.55294700211544E-17'0.587785252292473'-0.8090169943749475'-218.76628223932843|1.0'6.123233995736766E-17'-6.123233995736766E-17'238.13999938964844|0.0'0.0'0.0'1.0
