1234.0'0.0'0.0'0.0|-0.18088975389051082'-0.8252807287890891'0.5349678641066027'71.33206177052821|0.10042345637546826'-0.5565968905786283'-0.8246908698462758'-245.52661586707993|0.9783629318136677'-0.09545480651885724'0.18356021781805743'336.25853764301394|0.0'0.0'0.0'1.0
1234.0'0.0'0.0'0.0|-0.039461832516674844'-0.8922527914701174'-0.4498085369223316'-233.18094293639086|-0.46751618669181205'0.41433381610506204'-0.7808688135743183'-192.904094266553|0.8831032663033087'0.17947825758458724'-0.43349299429036664'233.5543103685885|0.0'0.0'0.0'1.0
1234.0'0.0'0.0'0.0|0.6551246371213043'-0.6840395514621381'0.3207827954740658'19.413940975069416|-0.5256405233957272'-0.7176480362430405'-0.45681871266485274'-308.57588656076905|0.5426912105432934'0.1306567568554506'-0.8297078171784754'147.31064815457515|0.0'0.0'0.0'1.0
