1234.0'0.0'0.0'0.0|-0.2716278441311508'-0.12289442736573436'-0.9545235848396367'-53.63018797662097|-0.9064611485725383'0.36588717650673613'0.210842975212557'148.9635528057872|0.32333651266322777'0.9225093678604984'-0.2107841687328665'390.436184275204|0.0'0.0'0.0'1.0
1234.0'0.0'0.0'0.0|-0.6741235224523905'0.16751686022353654'0.7193716549998543'-4.702635927653194|0.5235337553295076'0.7953950162110426'0.30538365250487565'149.64131704883425|-0.5210277185591614'0.5824816475456401'-0.6238952209831006'292.4276988650705|0.0'0.0'0.0'1.0
1234.0'0.0'0.0'0.0|-0.19548112662977712'-0.0037030950374500743'0.9807004722231434'273.44684629347785|0.32891731124804613'-0.9423210027220323'0.06200427558079562'8.593427919378433|0.9239050446300794'0.33469002810972265'0.18542398332201823'223.57963336458664|0.0'0.0'0.0'1.0
